prof_park_channel(15)=0.009541034698;
prof_park_channel_M_ary(15)=0.014912605286;
%data(x,y)
prof_park_1D_Viterbi(15,:)=[0.000013828278 0.000000000000];
prof_park_1D_Viterbi_M_ary(15,:)=[0.000021934509 0.000000000000];
prof_park_1D_Viterbi_demodul(15,:)=[0.000024342467 0.000000000000];
prof_park_1D_Viterbi_demodul_M_ary(15,:)=[0.000035797746 0.000000000000];
(null)_channel(15)=0.048311710358;
(null)_channel_M_ary(15)=0.073495864868;
%data(x,y)
(null)_1D_Viterbi(15,:)=[0.000013351440 0.000020503998];
(null)_1D_Viterbi_M_ary(15,:)=[0.000020027161 0.000030517578];
(null)_1D_Viterbi_demodul(15,:)=[0.500000000000 0.000000000000];
(null)_1D_Viterbi_demodul_M_ary(15,:)=[1.000000000000 0.000000000000];
prof_park_channel(15)=0.009541034698;
prof_park_channel_M_ary(15)=0.014912605286;
%data(x,y)
prof_park_1D_Viterbi(15,:)=[0.000013828278 0.000000000000];
prof_park_1D_Viterbi_M_ary(15,:)=[0.000021934509 0.000000000000];
prof_park_1D_Viterbi_demodul(15,:)=[0.000024342467 0.000000000000];
prof_park_1D_Viterbi_demodul_M_ary(15,:)=[0.000035797746 0.000000000000];
(null)_channel(15)=0.048311710358;
(null)_channel_M_ary(15)=0.073495864868;
%data(x,y)
(null)_1D_Viterbi(15,:)=[0.000013351440 0.000020503998];
(null)_1D_Viterbi_M_ary(15,:)=[0.000020027161 0.000030517578];
(null)_1D_Viterbi_demodul(15,:)=[0.500000000000 0.000000000000];
(null)_1D_Viterbi_demodul_M_ary(15,:)=[1.000000000000 0.000000000000];
(null)_channel(15)=0.048311710358;
(null)_channel_M_ary(15)=0.073495864868;
%data(x,y)
(null)_1D_Viterbi(15,:)=[0.000013351440 0.000020503998];
(null)_1D_Viterbi_M_ary(15,:)=[0.000020027161 0.000030517578];
(null)_1D_Viterbi_demodul(15,:)=[0.500000000000 0.000000000000];
(null)_1D_Viterbi_demodul_M_ary(15,:)=[1.000000000000 0.000000000000];
(null)_channel(15)=0.048311710358;
(null)_channel_M_ary(15)=0.073495864868;
%data(x,y)
(null)_1D_Viterbi(15,:)=[0.000013351440 0.000020503998];
(null)_1D_Viterbi_M_ary(15,:)=[0.000020027161 0.000030517578];
(null)_1D_Viterbi_demodul(15,:)=[0.500000000000 0.000000000000];
(null)_1D_Viterbi_demodul_M_ary(15,:)=[1.000000000000 0.000000000000];
(null)_channel(15)=0.048311710358;
(null)_channel_M_ary(15)=0.073495864868;
%data(x,y)
(null)_1D_Viterbi(15,:)=[0.000013351440 0.000020503998];
(null)_1D_Viterbi_M_ary(15,:)=[0.000020027161 0.000030517578];
(null)_1D_Viterbi_demodul(15,:)=[0.500000000000 0.000000000000];
(null)_1D_Viterbi_demodul_M_ary(15,:)=[1.000000000000 0.000000000000];
prof_park_channel(15)=0.009541034698;
prof_park_channel_M_ary(15)=0.014912605286;
%data(x,y)
prof_park_1D_Viterbi(15,:)=[0.000013828278 0.000000000000];
prof_park_1D_Viterbi_M_ary(15,:)=[0.000021934509 0.000000000000];
prof_park_1D_Viterbi_demodul(15,:)=[0.000024342467 0.000000000000];
prof_park_1D_Viterbi_demodul_M_ary(15,:)=[0.000035797746 0.000000000000];
(null)_channel(15)=0.048311710358;
(null)_channel_M_ary(15)=0.073495864868;
%data(x,y)
(null)_1D_Viterbi(15,:)=[0.000013351440 0.000020503998];
(null)_1D_Viterbi_M_ary(15,:)=[0.000020027161 0.000030517578];
(null)_1D_Viterbi_demodul(15,:)=[0.500000000000 0.000000000000];
(null)_1D_Viterbi_demodul_M_ary(15,:)=[1.000000000000 0.000000000000];
(null)_channel(15)=0.048311710358;
(null)_channel_M_ary(15)=0.073495864868;
%data(x,y)
(null)_1D_Viterbi(15,:)=[0.000013351440 0.000020503998];
(null)_1D_Viterbi_M_ary(15,:)=[0.000020027161 0.000030517578];
(null)_1D_Viterbi_demodul(15,:)=[0.500000544957 0.000000000000];
(null)_1D_Viterbi_demodul_M_ary(15,:)=[1.000001089914 0.000000000000];
(null)_channel(15)=0.048311710358;
(null)_channel_M_ary(15)=0.073495864868;
%data(x,y)
(null)_1D_Viterbi(15,:)=[0.000013351440 0.000020503998];
(null)_1D_Viterbi_M_ary(15,:)=[0.000020027161 0.000030517578];
(null)_1D_Viterbi_demodul(15,:)=[0.000037057059 0.000000000000];
(null)_1D_Viterbi_demodul_M_ary(15,:)=[0.000074114118 0.000000000000];
prof_park_channel(15)=0.009541034698;
prof_park_channel_M_ary(15)=0.014912605286;
%data(x,y)
prof_park_1D_Viterbi(15,:)=[0.000013828278 0.000000000000];
prof_park_1D_Viterbi_M_ary(15,:)=[0.000021934509 0.000000000000];
prof_park_1D_Viterbi_demodul(15,:)=[0.000024342467 0.000000000000];
prof_park_1D_Viterbi_demodul_M_ary(15,:)=[0.000035797746 0.000000000000];
(null)_channel(15)=0.048311710358;
(null)_channel_M_ary(15)=0.073495864868;
%data(x,y)
(null)_1D_Viterbi(15,:)=[0.000013351440 0.000020503998];
(null)_1D_Viterbi_M_ary(15,:)=[0.000020027161 0.000030517578];
(null)_1D_Viterbi_demodul(15,:)=[0.000037057059 0.000000000000];
(null)_1D_Viterbi_demodul_M_ary(15,:)=[0.000074114118 0.000000000000];
prof_park_channel(15)=0.009541034698;
prof_park_channel_M_ary(15)=0.014912605286;
%data(x,y)
prof_park_1D_Viterbi(15,:)=[0.000013828278 0.000000000000];
prof_park_1D_Viterbi_M_ary(15,:)=[0.000021934509 0.000000000000];
prof_park_1D_Viterbi_demodul(15,:)=[0.000024342467 0.000000000000];
prof_park_1D_Viterbi_demodul_M_ary(15,:)=[0.000035797746 0.000000000000];
(null)_channel(15)=0.048311710358;
(null)_channel_M_ary(15)=0.073495864868;
%data(x,y)
(null)_1D_Viterbi(15,:)=[0.000013351440 0.000020503998];
(null)_1D_Viterbi_M_ary(15,:)=[0.000020027161 0.000030517578];
(null)_1D_Viterbi_demodul(15,:)=[0.000037057059 0.000000000000];
(null)_1D_Viterbi_demodul_M_ary(15,:)=[0.000074114118 0.000000000000];
(null)_channel(15)=0.048311710358;
(null)_channel_M_ary(15)=0.073495864868;
%data(x,y)
(null)_1D_Viterbi(15,:)=[0.000013351440 0.000020503998];
(null)_1D_Viterbi_M_ary(15,:)=[0.000020027161 0.000030517578];
(null)_1D_Viterbi_demodul(15,:)=[0.000014441354 0.000022615705];
(null)_1D_Viterbi_demodul_M_ary(15,:)=[0.000028882708 0.000045231410];
(null)_channel(15)=0.038346290588;
(null)_channel_M_ary(15)=0.059508323669;
%data(x,y)
(null)_1D_Viterbi(15,:)=[0.000015735626 0.000024795532];
(null)_1D_Viterbi_M_ary(15,:)=[0.000022888184 0.000034332275];
(null)_1D_Viterbi_demodul(15,:)=[0.000019890921 0.000030517578];
(null)_1D_Viterbi_demodul_M_ary(15,:)=[0.000039781843 0.000061035156];
(null)_channel(15)=0.048311710358;
(null)_channel_M_ary(15)=0.073495864868;
%data(x,y)
(null)_1D_Viterbi(15,:)=[0.000013351440 0.000020503998];
(null)_1D_Viterbi_M_ary(15,:)=[0.000020027161 0.000030517578];
(null)_1D_Viterbi_demodul(15,:)=[0.000014441354 0.000022615705];
(null)_1D_Viterbi_demodul_M_ary(15,:)=[0.000028882708 0.000045231410];
(null)_channel(15)=0.039493560791;
(null)_channel_M_ary(15)=0.060394287109;
%data(x,y)
(null)_1D_Viterbi(15,:)=[0.000011444092 0.000022888184];
(null)_1D_Viterbi_M_ary(15,:)=[0.000020027161 0.000033378601];
(null)_1D_Viterbi_demodul(15,:)=[0.000009536743 0.000035694667];
(null)_1D_Viterbi_demodul_M_ary(15,:)=[0.000019073486 0.000071389335];
(null)_channel(15)=0.038504600525;
(null)_channel_M_ary(15)=0.059679985046;
%data(x,y)
(null)_1D_Viterbi(15,:)=[0.000012397766 0.000021934509];
(null)_1D_Viterbi_M_ary(15,:)=[0.000020027161 0.000033378601];
(null)_1D_Viterbi_demodul(15,:)=[0.000013896397 0.000033787319];
(null)_1D_Viterbi_demodul_M_ary(15,:)=[0.000027792794 0.000067574637];
(null)_channel(15)=0.038504600525;
(null)_channel_M_ary(15)=0.059679985046;
%data(x,y)
(null)_1D_Viterbi(15,:)=[0.000012397766 0.000021934509];
(null)_1D_Viterbi_M_ary(15,:)=[0.000020027161 0.000033378601];
(null)_1D_Viterbi_demodul(15,:)=[0.000013896397 0.000033787319];
(null)_1D_Viterbi_demodul_M_ary(15,:)=[0.000027792794 0.000067574637];
(null)_channel(15)=0.038504600525;
(null)_channel_M_ary(15)=0.059679985046;
%data(x,y)
(null)_1D_Viterbi(15,:)=[0.000012397766 0.000021934509];
(null)_1D_Viterbi_M_ary(15,:)=[0.000020027161 0.000033378601];
(null)_1D_Viterbi_demodul(15,:)=[0.000013896397 0.000033787319];
(null)_1D_Viterbi_demodul_M_ary(15,:)=[0.000027792794 0.000067574637];
(null)_channel(15)=0.048186302185;
(null)_channel_M_ary(15)=0.073265075684;
%data(x,y)
(null)_1D_Viterbi(15,:)=[0.000013351440 0.000017642975];
(null)_1D_Viterbi_M_ary(15,:)=[0.000020980835 0.000029563904];
(null)_1D_Viterbi_demodul(15,:)=[0.000012806484 0.000019890921];
(null)_1D_Viterbi_demodul_M_ary(15,:)=[0.000025612967 0.000039781843];
