channel_error(20)=0.007345234264;
channel_M_ary_error_BER(20)=0.060620117188;
viterbi_error_x_BER(20)=0.000000060688;
viterbi_M_ary_error_x_BER(20)=0.000000572205;
viterbi_error_y_BER(20)=0.000000121377;
viterbi_M_ary_error_y_BER(20)=0.000000953674;
channel_error(20)=0.007864986766;
channel_M_ary_error_BER(20)=0.065826702118;
viterbi_error_x_BER(20)=0.000000078028;
viterbi_M_ary_error_x_BER(20)=0.000000667572;
viterbi_error_y_BER(20)=0.000000095367;
viterbi_M_ary_error_y_BER(20)=0.000000762939;
channel_error(18)=0.007590449940;
channel_M_ary_error_BER(18)=0.062655258179;
viterbi_error_x_BER(18)=0.000000494177;
viterbi_M_ary_error_x_BER(18)=0.000004482269;
viterbi_error_y_BER(18)=0.000000502846;
viterbi_M_ary_error_y_BER(18)=0.000004100800;
channel_error(18)=0.008116141233;
channel_M_ary_error_BER(18)=0.067921447754;
viterbi_error_x_BER(18)=0.000000502846;
viterbi_M_ary_error_x_BER(18)=0.000004100800;
viterbi_error_y_BER(18)=0.000000589544;
viterbi_M_ary_error_y_BER(18)=0.000004386902;
channel_error(18)=0.043482780457;
channel_M_ary_error_BER(18)=0.065117835999;
viterbi_error_x_BER(18)=0.000001907349;
viterbi_M_ary_error_x_BER(18)=0.000002861023;
viterbi_error_y_BER(18)=0.000000953674;
viterbi_M_ary_error_y_BER(18)=0.000001907349;
channel_error(7)=0.014704054052;
channel_M_ary_error_BER(7)=0.121466350555;
viterbi_error_x_BER(7)=0.005087150227;
viterbi_M_ary_error_x_BER(7)=0.042231655121;
viterbi_error_y_BER(7)=0.004813870517;
viterbi_M_ary_error_y_BER(7)=0.040007781982;
channel_error(18)=0.007901373777;
channel_M_ary_error_BER(18)=0.065080642700;
viterbi_error_x_BER(18)=0.000000468167;
viterbi_M_ary_error_x_BER(18)=0.000003337860;
viterbi_error_y_BER(18)=0.000000502846;
viterbi_M_ary_error_y_BER(18)=0.000004196167;
channel_error(15)=0.048311710358;
channel_M_ary_error_BER(15)=0.073495864868;
viterbi_error_x_BER(15)=0.000013351440;
viterbi_M_ary_error_x_BER(15)=0.000020027161;
viterbi_error_y_BER(15)=0.000020503998;
viterbi_M_ary_error_y_BER(15)=0.000030517578;
channel_error(15)=0.045331478119;
channel_M_ary_error_BER(15)=0.066535949707;
viterbi_error_x_BER(15)=0.000012874603;
viterbi_M_ary_error_x_BER(15)=0.000021934509;
viterbi_error_y_BER(15)=0.000023365021;
viterbi_M_ary_error_y_BER(15)=0.000035285950;
channel_error(15)=0.048311710358;
channel_M_ary_error_BER(15)=0.073495864868;
viterbi_error_x_BER(15)=0.000013351440;
viterbi_M_ary_error_x_BER(15)=0.000020027161;
viterbi_error_y_BER(15)=0.000020503998;
viterbi_M_ary_error_y_BER(15)=0.000030517578;
channel_error(15)=0.045410633087;
channel_M_ary_error_BER(15)=0.068137168884;
viterbi_error_x_BER(15)=0.000011920929;
viterbi_M_ary_error_x_BER(15)=0.000019073486;
viterbi_error_y_BER(15)=0.000018596649;
viterbi_M_ary_error_y_BER(15)=0.000029563904;
channel_error(15)=0.054977416992;
channel_M_ary_error_BER(15)=0.081704139709;
viterbi_error_x_BER(15)=0.000016689301;
viterbi_M_ary_error_x_BER(15)=0.000021934509;
viterbi_error_y_BER(15)=0.000020027161;
viterbi_M_ary_error_y_BER(15)=0.000030517578;
channel_error(15)=0.047123908997;
channel_M_ary_error_BER(15)=0.070656776428;
viterbi_error_x_BER(15)=0.000011920929;
viterbi_M_ary_error_x_BER(15)=0.000020980835;
viterbi_error_y_BER(15)=0.000020503998;
viterbi_M_ary_error_y_BER(15)=0.000032424927;
channel_error(15)=0.038614273071;
channel_M_ary_error_BER(15)=0.059888839722;
viterbi_error_x_BER(15)=0.000020503998;
viterbi_M_ary_error_x_BER(15)=0.000025749207;
viterbi_error_y_BER(15)=0.000022411346;
viterbi_M_ary_error_y_BER(15)=0.000035285950;
channel_error(14)=0.043981885910;
channel_M_ary_error_BER(14)=0.066232395172;
viterbi_error_x_BER(14)=0.000027465820;
viterbi_M_ary_error_x_BER(14)=0.000041580200;
viterbi_error_y_BER(14)=0.000035333633;
viterbi_M_ary_error_y_BER(14)=0.000052928925;
channel_error(14)=0.001940744573;
channel_M_ary_error_BER(14)=0.016655826569;
viterbi_error_x_BER(14)=0.000005990809;
viterbi_M_ary_error_x_BER(14)=0.000049209595;
viterbi_error_y_BER(14)=0.000000242753;
viterbi_M_ary_error_y_BER(14)=0.000001811981;
channel_error(14)=0.009123325348;
channel_M_ary_error_BER(14)=0.076300048828;
viterbi_error_x_BER(14)=0.000004725023;
viterbi_M_ary_error_x_BER(14)=0.000038242340;
viterbi_error_y_BER(14)=0.000006779757;
viterbi_M_ary_error_y_BER(14)=0.000055694580;
channel_error(14)=0.008579228141;
channel_M_ary_error_BER(14)=0.070821666718;
viterbi_error_x_BER(14)=0.000004837730;
viterbi_M_ary_error_x_BER(14)=0.000040721893;
viterbi_error_y_BER(14)=0.000005826083;
viterbi_M_ary_error_y_BER(14)=0.000049495697;
channel_error(14)=0.010329003768;
channel_M_ary_error_BER(14)=0.084348487854;
viterbi_error_x_BER(14)=0.000005063144;
viterbi_M_ary_error_x_BER(14)=0.000041484833;
viterbi_error_y_BER(14)=0.000006805767;
viterbi_M_ary_error_y_BER(14)=0.000056362152;
channel_error(14)=0.008879618211;
channel_M_ary_error_BER(14)=0.073221588135;
viterbi_error_x_BER(14)=0.000005193190;
viterbi_M_ary_error_x_BER(14)=0.000042438507;
viterbi_error_y_BER(14)=0.000006294250;
viterbi_M_ary_error_y_BER(14)=0.000051879883;
channel_error(14)=0.007366579229;
channel_M_ary_error_BER(14)=0.062628078461;
viterbi_error_x_BER(14)=0.000005201860;
viterbi_M_ary_error_x_BER(14)=0.000043487549;
viterbi_error_y_BER(14)=0.000006415627;
viterbi_M_ary_error_y_BER(14)=0.000052261353;
channel_error(18)=0.017091751099;
channel_M_ary_error_BER(18)=0.027122497559;
viterbi_error_x_BER(18)=0.000000953674;
viterbi_M_ary_error_x_BER(18)=0.000000953674;
viterbi_error_y_BER(18)=0.000001430511;
viterbi_M_ary_error_y_BER(18)=0.000002861023;
channel_error(14)=0.023055076599;
channel_M_ary_error_BER(14)=0.036109924316;
viterbi_error_x_BER(14)=0.000020027161;
viterbi_M_ary_error_x_BER(14)=0.000030517578;
viterbi_error_y_BER(14)=0.000026226044;
viterbi_M_ary_error_y_BER(14)=0.000041961670;
channel_error(14)=0.047248840332;
channel_M_ary_error_BER(14)=0.069477081299;
viterbi_error_x_BER(14)=0.000021934509;
viterbi_M_ary_error_x_BER(14)=0.000036239624;
viterbi_error_y_BER(14)=0.000032901764;
viterbi_M_ary_error_y_BER(14)=0.000049591064;
channel_error(14)=0.036517143250;
channel_M_ary_error_BER(14)=0.055711746216;
viterbi_error_x_BER(14)=0.000025272369;
viterbi_M_ary_error_x_BER(14)=0.000037193298;
viterbi_error_y_BER(14)=0.000038623810;
viterbi_M_ary_error_y_BER(14)=0.000060081482;
channel_error(14)=0.056849002838;
channel_M_ary_error_BER(14)=0.084482192993;
viterbi_error_x_BER(14)=0.000026702881;
viterbi_M_ary_error_x_BER(14)=0.000038146973;
viterbi_error_y_BER(14)=0.000040054321;
viterbi_M_ary_error_y_BER(14)=0.000057220459;
channel_error(14)=0.010718822479;
channel_M_ary_error_BER(14)=0.016691207886;
viterbi_error_x_BER(14)=0.000028610229;
viterbi_M_ary_error_x_BER(14)=0.000044822693;
viterbi_error_y_BER(14)=0.000000953674;
viterbi_M_ary_error_y_BER(14)=0.000000953674;
channel_error(15)=0.001726878773;
channel_M_ary_error_BER(15)=0.014867687225;
viterbi_error_x_BER(15)=0.000003571944;
viterbi_M_ary_error_x_BER(15)=0.000029087067;
viterbi_error_y_BER(15)=0.000000017340;
viterbi_M_ary_error_y_BER(15)=0.000000095367;
channel_error(15)=0.006993571195;
channel_M_ary_error_BER(15)=0.059688758850;
viterbi_error_x_BER(15)=0.000003181804;
viterbi_M_ary_error_x_BER(15)=0.000025749207;
viterbi_error_y_BER(15)=0.000004334883;
viterbi_M_ary_error_y_BER(15)=0.000035476685;
channel_error(15)=0.007053886760;
channel_M_ary_error_BER(15)=0.058758735657;
viterbi_error_x_BER(15)=0.000003069097;
viterbi_M_ary_error_x_BER(15)=0.000025653839;
viterbi_error_y_BER(15)=0.000003675981;
viterbi_M_ary_error_y_BER(15)=0.000030899048;
channel_error(15)=0.006408015164;
channel_M_ary_error_BER(15)=0.053737545013;
viterbi_error_x_BER(15)=0.000003164465;
viterbi_M_ary_error_x_BER(15)=0.000026321411;
viterbi_error_y_BER(15)=0.000004109469;
viterbi_M_ary_error_y_BER(15)=0.000034332275;
channel_error(15)=0.007175827026;
channel_M_ary_error_BER(15)=0.059850692749;
viterbi_error_x_BER(15)=0.000003277172;
viterbi_M_ary_error_x_BER(15)=0.000026035309;
viterbi_error_y_BER(15)=0.000004144148;
viterbi_M_ary_error_y_BER(15)=0.000033378601;
